0.025182262	0.181323803	0.324771532	0.488690331	0.640396864	0.802929057	0.96725655	1.116092567	1.239300892	1.376365567	1.475793799	1.551522255	1.657854136	1.751536315	1.838453049
0.025182262	0.181323803	0.324771532	0.488690331	0.640396864	0.802929057	0.96725655	1.116092567	1.239300892	1.376365567	1.475793799	1.551522255	1.657854136	1.751536315	1.838453049
0.025182262	0.181323803	0.324771532	0.488690331	0.640396864	0.802929057	0.96725655	1.116092567	1.239300892	1.376365567	1.475793799	1.551522255	1.657854136	1.751536315	1.838453049
0.025182262	0.181323803	0.324771532	0.488690331	0.640396864	0.802929057	0.96725655	1.116092567	1.239300892	1.376365567	1.475793799	1.551522255	1.657854136	1.751536315	1.838453049
0.025182262	0.181323803	0.324771532	0.488690331	0.640396864	0.802929057	0.96725655	1.116092567	1.239300892	1.376365567	1.475793799	1.551522255	1.657854136	1.751536315	1.838453049
0.025182262	0.181323803	0.324771532	0.488690331	0.640396864	0.802929057	0.96725655	1.116092567	1.239300892	1.376365567	1.475793799	1.551522255	1.657854136	1.751536315	1.838453049
0.025182262	0.181323803	0.324771532	0.488690331	0.640396864	0.802929057	0.96725655	1.116092567	1.239300892	1.376365567	1.475793799	1.551522255	1.657854136	1.751536315	1.838453049
0.025182262	0.181323803	0.324771532	0.488690331	0.640396864	0.802929057	0.96725655	1.116092567	1.239300892	1.376365567	1.475793799	1.551522255	1.657854136	1.751536315	1.838453049
0.025182262	0.181323803	0.324771532	0.488690331	0.640396864	0.802929057	0.96725655	1.116092567	1.239300892	1.376365567	1.475793799	1.551522255	1.657854136	1.751536315	1.838453049
0.025182262	0.181323803	0.324771532	0.488690331	0.640396864	0.802929057	0.96725655	1.116092567	1.239300892	1.376365567	1.475793799	1.551522255	1.657854136	1.751536315	1.838453049
0.025182262	0.181323803	0.324771532	0.488690331	0.640396864	0.802929057	0.96725655	1.116092567	1.239300892	1.376365567	1.475793799	1.551522255	1.657854136	1.751536315	1.838453049
0.025182262	0.181323803	0.324771532	0.488690331	0.640396864	0.802929057	0.96725655	1.116092567	1.239300892	1.376365567	1.475793799	1.551522255	1.657854136	1.751536315	1.838453049
0.025182262	0.181323803	0.324771532	0.488690331	0.640396864	0.802929057	0.96725655	1.116092567	1.239300892	1.376365567	1.475793799	1.551522255	1.657854136	1.751536315	1.838453049
0.025182262	0.181323803	0.324771532	0.488690331	0.640396864	0.802929057	0.96725655	1.116092567	1.239300892	1.376365567	1.475793799	1.551522255	1.657854136	1.751536315	1.838453049
0.025182262	0.181323803	0.324771532	0.488690331	0.640396864	0.802929057	0.96725655	1.116092567	1.239300892	1.376365567	1.475793799	1.551522255	1.657854136	1.751536315	1.838453049
0.025182262	0.181323803	0.324771532	0.488690331	0.640396864	0.802929057	0.96725655	1.116092567	1.239300892	1.376365567	1.475793799	1.551522255	1.657854136	1.751536315	1.838453049
0.025182262	0.181323803	0.324771532	0.488690331	0.640396864	0.802929057	0.96725655	1.116092567	1.239300892	1.376365567	1.475793799	1.551522255	1.657854136	1.751536315	1.838453049
0.025182262	0.181323803	0.324771532	0.488690331	0.640396864	0.802929057	0.96725655	1.116092567	1.239300892	1.376365567	1.475793799	1.551522255	1.657854136	1.751536315	1.838453049
0.025182262	0.181323803	0.324771532	0.488690331	0.640396864	0.802929057	0.96725655	1.116092567	1.239300892	1.376365567	1.475793799	1.551522255	1.657854136	1.751536315	1.838453049
0.025182262	0.181323803	0.324771532	0.488690331	0.640396864	0.802929057	0.96725655	1.116092567	1.239300892	1.376365567	1.475793799	1.551522255	1.657854136	1.751536315	1.838453049
0.025182262	0.181323803	0.324771532	0.488690331	0.640396864	0.802929057	0.96725655	1.116092567	1.239300892	1.376365567	1.475793799	1.551522255	1.657854136	1.751536315	1.838453049
0.025182262	0.181323803	0.324771532	0.488690331	0.640396864	0.802929057	0.96725655	1.116092567	1.239300892	1.376365567	1.475793799	1.551522255	1.657854136	1.751536315	1.838453049
0.025182262	0.181323803	0.324771532	0.488690331	0.640396864	0.802929057	0.96725655	1.116092567	1.239300892	1.376365567	1.475793799	1.551522255	1.657854136	1.751536315	1.838453049
0.025182262	0.181323803	0.324771532	0.488690331	0.640396864	0.802929057	0.96725655	1.116092567	1.239300892	1.376365567	1.475793799	1.551522255	1.657854136	1.751536315	1.838453049
0.025182262	0.181323803	0.324771532	0.488690331	0.640396864	0.802929057	0.96725655	1.116092567	1.239300892	1.376365567	1.475793799	1.551522255	1.657854136	1.751536315	1.838453049